5 7 15
1792
0
123 92 29 88 121 114 31 86 3 44 33 46 5 42 35 
28 89 122 107 30 87 210 119 32 85 4 43 34 49 6 
93 124 91 128 113 120 115 2 217 118 45 84 47 36 41 
90 27 108 125 106 211 216 209 116 199 204 207 50 7 48 
101 94 127 112 129 214 1 218 205 208 117 198 83 40 37 
26 109 102 105 126 219 212 215 200 203 206 79 38 51 8 
95 100 111 130 213 104 223 202 221 78 197 82 179 62 39 
110 25 168 103 224 161 220 193 196 201 178 77 80 9 52 
99 96 131 162 167 194 185 222 187 192 81 180 63 76 61 
24 163 98 169 160 225 188 195 184 181 74 177 72 53 10 
97 132 153 166 189 172 183 186 191 174 141 64 75 60 71 
152 23 164 147 170 159 190 173 182 65 176 73 142 11 54 
133 20 149 154 165 146 171 158 175 140 143 66 57 70 59 
22 151 18 135 148 155 16 137 144 157 14 139 68 55 12 
19 134 21 150 17 136 145 156 15 138 67 56 13 58 69 
