11 5 15
61231823748
3.6e+006
193 188 203 200 195 -1 205 174 197 -1 -1 -1 179 150 147 
-1 201 194 191 204 199 196 -1 160 175 180 151 148 107 178 
189 192 187 202 -1 206 173 198 181 152 161 108 177 146 149 
-1 -1 190 -1 172 185 182 159 162 109 176 145 138 91 106 
-1 -1 171 186 -1 158 163 110 183 144 153 92 105 136 139 
-1 167 114 157 164 111 184 143 154 93 104 137 140 79 90 
-1 170 165 112 115 130 155 94 103 132 141 80 89 38 135 
166 113 168 129 156 95 102 131 142 81 88 39 134 71 78 
169 128 121 96 101 116 63 82 87 40 133 72 77 22 37 
-1 97 100 119 122 83 86 41 64 73 76 23 36 67 70 
127 120 123 98 1 62 117 84 75 42 35 66 69 24 21 
124 99 126 61 118 85 2 43 34 65 74 25 20 7 68 
59 56 53 50 47 44 33 30 3 26 19 8 11 16 13 
-1 125 60 57 54 51 48 45 28 31 4 17 14 9 6 
-1 58 55 52 49 46 29 32 -1 18 27 10 5 12 15 
