10 13 15
64435427345
3.6e+006
-1 -1 194 189 192 -1 -1 -1 -1 181 176 173 136 153 -1 
-1 -1 199 -1 -1 -1 191 180 177 172 133 154 175 106 135 
200 195 188 193 190 -1 178 169 182 155 174 107 134 137 152 
187 198 185 -1 -1 168 183 156 179 132 171 140 151 108 105 
196 201 160 167 184 157 148 131 170 141 150 109 104 85 138 
-1 186 197 158 147 130 123 142 149 110 103 86 139 52 55 
202 159 146 161 166 143 114 111 102 87 82 53 56 23 84 
-1 162 165 144 129 122 101 124 115 112 57 24 83 54 51 
164 145 128 121 100 125 116 113 58 81 88 41 50 25 22 
-1 120 163 126 117 92 59 80 89 62 49 26 1 42 45 
-1 127 118 99 94 79 90 63 60 27 40 47 44 21 2 
119 98 95 78 91 64 93 28 39 48 61 20 3 46 43 
96 77 74 67 70 29 38 35 32 19 16 13 10 7 4 
-1 -1 97 72 75 68 65 30 17 36 33 8 5 14 11 
-1 73 76 69 66 71 -1 37 34 31 18 15 12 9 6 
