10 13 15
400117
174
26 119 24 125 28 121 92 123 30 189 90 179 32 181 88 
23 130 27 120 93 124 29 196 91 210 31 190 89 178 33 
118 25 126 131 140 195 122 205 212 191 188 217 180 87 182 
129 22 133 94 127 204 197 194 209 220 211 192 187 34 177 
96 117 128 139 132 141 208 213 206 193 216 175 218 183 86 
21 134 95 116 203 136 201 198 221 214 219 186 85 176 35 
104 97 138 135 142 115 222 207 -1 199 174 215 184 155 84 
99 20 103 114 137 202 165 200 171 224 185 156 169 36 153 
66 105 98 143 102 145 148 223 158 167 170 173 154 83 2 
19 100 67 106 113 164 159 166 147 172 157 168 1 152 37 
68 65 108 101 144 75 146 149 160 77 80 151 54 3 82 
71 18 69 64 107 112 163 76 79 150 161 58 81 38 55 
12 15 72 109 74 63 48 111 162 59 78 53 56 41 4 
17 70 13 10 47 110 61 8 45 50 57 6 43 52 39 
14 11 16 73 62 9 46 49 60 7 44 51 40 5 42 
