6 8 15
224
0
37 8 35 132 39 10 75 142 41 12 137 46 43 14 149 
34 69 38 9 76 141 40 11 138 143 42 13 148 47 44 
7 36 131 72 133 74 139 144 153 136 147 172 45 150 15 
70 33 68 77 140 129 154 135 146 177 160 151 162 173 48 
67 6 71 130 73 134 145 180 159 152 171 212 175 16 163 
32 81 78 5 92 155 128 1 178 213 176 161 170 49 174 
79 66 93 86 127 4 179 158 181 2 217 184 211 164 17 
82 31 80 91 94 119 156 3 216 183 214 169 166 185 50 
65 90 85 118 87 126 115 182 157 218 167 210 197 18 165 
30 83 88 95 114 117 120 221 124 215 208 219 168 51 186 
89 64 107 84 121 102 125 116 223 220 203 198 209 196 19 
60 29 96 101 106 113 222 123 204 191 224 207 202 187 52 
63 98 61 108 103 122 105 112 225 206 199 190 193 20 195 
28 59 100 97 26 57 110 205 24 55 192 201 22 53 188 
99 62 27 58 109 104 25 56 111 200 23 54 189 194 21 
