5 7 15
61912124929
3.6e+006
205 202 199 192 -1 190 -1 -1 -1 178 -1 -1 143 152 -1 
200 187 204 189 -1 193 -1 179 168 157 140 153 -1 109 142 
203 198 201 194 191 180 169 -1 177 154 149 110 141 144 151 
186 195 188 181 170 -1 176 167 156 139 158 147 150 111 108 
-1 -1 197 184 175 166 1 138 159 148 155 112 107 60 145 
196 185 174 165 182 171 160 123 2 113 106 61 146 51 48 
-1 164 183 172 161 126 137 114 105 88 3 52 49 62 59 
-1 173 162 127 136 115 122 89 124 53 98 63 4 47 50 
163 128 135 116 121 90 125 104 99 64 87 46 27 58 5 
-1 117 120 91 94 103 100 65 86 97 54 57 6 31 28 
-1 134 129 118 101 92 85 96 55 66 45 32 29 26 7 
130 119 132 93 84 95 102 67 44 33 56 25 8 -1 30 
133 80 83 72 75 68 43 36 39 24 21 18 15 12 9 
-1 131 78 81 70 73 76 41 22 37 34 13 10 19 16 
79 82 71 74 77 42 69 38 35 40 23 20 17 14 11 
