6 8 15
62985471616
3.6e+006
-1 200 -1 182 -1 198 203 -1 -1 -1 -1 154 -1 122 -1 
-1 183 192 199 202 181 -1 167 204 155 -1 123 -1 153 130 
191 188 201 194 197 -1 205 156 -1 168 127 152 131 124 121 
184 193 186 189 180 157 196 169 166 151 132 125 120 129 96 
187 190 179 158 195 170 165 150 133 126 119 128 97 80 83 
-1 185 174 171 164 159 134 1 118 93 98 81 84 95 48 
175 178 163 160 135 172 149 106 99 2 85 94 49 82 79 
-1 -1 176 173 148 161 136 117 86 107 92 3 78 47 50 
177 140 147 162 137 116 105 108 91 100 77 46 51 4 25 
146 143 138 115 104 109 90 101 76 87 52 55 26 31 28 
139 114 141 144 111 102 75 88 53 56 45 32 29 24 5 
142 145 112 103 74 89 110 57 44 33 54 23 6 27 30 
113 70 73 62 65 58 43 36 39 22 19 16 13 10 7 
-1 -1 68 71 60 63 66 41 20 37 34 11 8 17 14 
69 72 61 64 67 42 59 38 35 40 21 18 15 12 9 
