11 5 15
224
0
29 52 31 38 27 50 43 46 25 48 223 80 23 82 207 
32 37 28 51 42 39 26 49 224 45 24 167 208 79 22 
53 30 119 40 127 130 145 44 47 222 211 220 81 206 83 
36 33 54 117 120 41 128 225 146 219 168 209 166 21 78 
55 118 35 126 129 144 131 198 169 210 221 212 205 84 161 
34 123 116 121 132 149 142 147 216 203 218 165 162 77 20 
115 56 125 136 143 134 197 170 199 164 215 204 213 160 85 
124 3 122 133 150 141 148 193 202 217 200 163 90 19 76 
57 114 137 2 135 194 179 196 171 188 91 214 159 86 89 
4 111 58 151 140 181 172 189 192 201 158 185 88 75 18 
59 138 113 174 1 178 195 180 187 184 191 92 73 96 87 
112 5 110 139 152 173 182 177 190 157 186 97 102 17 74 
63 60 153 108 175 106 67 156 183 100 103 72 93 14 95 
6 109 62 65 8 155 176 105 10 69 98 101 12 71 16 
61 64 7 154 107 66 9 68 99 104 11 70 15 94 13 
