5 7 15
224
0
77 80 35 92 39 82 37 90 41 84 7 64 11 46 9 
34 73 78 81 36 91 40 83 6 67 42 45 8 63 12 
79 76 93 72 99 38 89 68 97 44 85 60 65 10 47 
74 33 102 111 94 71 98 5 88 59 66 43 86 13 62 
103 110 75 100 113 136 1 96 69 168 87 216 61 48 51 
32 101 112 135 116 95 70 167 4 225 58 169 50 215 14 
109 104 117 114 137 166 163 2 207 170 211 224 217 52 49 
118 31 134 165 162 115 196 171 222 3 218 57 210 15 214 
105 108 119 138 133 164 175 206 199 208 223 212 219 56 53 
30 129 106 161 174 197 172 195 176 221 200 209 54 213 16 
107 120 139 132 141 160 177 198 205 192 189 220 201 152 55 
130 29 128 143 178 173 194 159 188 183 204 151 190 17 202 
121 26 131 140 125 142 179 182 193 158 191 184 203 150 153 
28 127 24 123 144 181 22 157 146 187 20 155 148 185 18 
25 122 27 126 23 124 145 180 21 156 147 186 19 154 149 
