4 2 15
62369491591
3.6e+006
-1 -1 181 206 193 196 187 184 -1 162 -1 -1 133 -1 113 
-1 203 -1 -1 182 185 194 197 188 -1 134 161 114 125 132 
201 180 205 192 195 198 183 186 135 160 163 126 131 112 115 
204 1 202 199 -1 191 136 159 164 189 130 109 116 127 124 
-1 200 179 2 -1 158 165 190 137 108 117 128 123 94 111 
-1 171 174 157 166 3 138 107 118 129 122 95 110 79 82 
175 178 169 172 139 106 119 4 121 96 91 80 83 68 93 
170 173 176 147 156 167 140 97 90 5 84 69 92 81 78 
177 148 155 168 141 146 105 120 85 70 65 6 77 24 67 
154 151 142 145 104 101 86 89 98 73 76 25 66 7 32 
-1 -1 149 152 143 62 99 102 87 64 71 74 33 26 23 
150 153 144 61 100 103 88 63 72 75 34 27 22 31 8 
59 56 53 50 47 44 41 38 35 28 19 30 9 12 15 
-1 -1 60 57 54 51 48 45 42 39 36 17 14 21 10 
-1 58 55 52 49 46 43 40 37 18 29 20 11 16 13 
