4 2 15
224
0
5 8 3 44 163 10 127 172 201 12 125 190 121 14 123 
2 43 6 9 128 173 224 11 126 195 202 13 124 191 120 
7 4 45 162 81 164 171 220 205 200 193 196 189 122 15 
42 1 80 129 174 225 176 223 194 219 206 203 192 119 188 
79 46 161 82 165 170 215 208 221 204 199 186 197 16 149 
50 41 130 169 212 175 222 177 216 207 218 183 150 187 118 
47 78 49 160 83 166 211 214 209 154 185 198 181 148 17 
40 51 84 131 168 213 158 153 178 217 182 151 184 117 146 
63 48 77 54 159 134 167 210 155 152 143 180 147 18 115 
52 39 62 85 132 157 92 135 142 179 112 139 116 145 100 
35 64 53 76 55 90 133 156 111 138 141 144 99 114 19 
38 61 36 65 86 93 110 91 136 105 108 113 140 101 98 
31 34 75 58 73 56 89 94 109 70 137 104 107 20 23 
60 37 32 29 66 87 72 27 68 95 106 25 22 97 102 
33 30 59 74 57 28 67 88 71 26 69 96 103 24 21 
