8 9 25
65273821379
3.6e+006
-1 -1 -1 -1 598 593 582 569 596 -1 556 -1 506 -1 -1 475 -1 455 458 -1 452 -1 400 369 -1 
585 -1 579 592 583 -1 597 594 557 568 549 536 555 476 505 -1 459 474 453 456 401 370 451 366 399 
-1 591 584 -1 578 581 558 567 570 595 554 477 504 507 460 473 454 457 402 371 450 365 398 333 368 
-1 586 -1 580 559 566 571 -1 553 548 535 550 537 472 447 444 403 372 449 364 397 334 367 316 313 
590 575 588 565 572 577 560 547 534 551 538 511 478 503 508 461 448 445 396 335 330 317 314 327 332 
587 564 573 576 561 546 533 552 539 512 479 502 509 462 471 446 443 404 373 318 363 328 331 312 315 
574 589 562 545 532 521 540 513 480 501 510 463 470 439 442 405 374 395 362 329 336 311 304 275 326 
563 544 531 524 541 514 481 500 1 464 469 438 441 406 375 394 361 322 337 310 319 276 325 302 305 
-1 -1 542 515 520 525 522 465 468 437 2 407 376 393 440 341 338 309 320 277 324 303 306 237 274 
543 530 519 526 523 516 467 482 499 408 377 392 3 342 339 360 321 278 323 298 307 238 273 160 301 
-1 527 496 517 490 483 498 409 466 429 436 343 378 359 4 279 340 297 308 239 272 161 300 183 236 
529 518 491 484 497 410 425 430 435 344 379 428 391 280 269 296 5 240 271 162 299 184 235 154 159 
-1 495 528 489 492 431 434 411 380 427 390 281 268 295 358 241 270 163 6 185 234 155 158 131 182 
-1 488 493 432 485 424 381 426 389 412 345 294 357 242 231 244 205 186 233 164 7 132 181 156 153 
494 385 486 423 382 433 388 413 346 293 356 267 282 245 206 187 232 197 204 133 180 157 8 57 130 
487 422 383 352 387 414 347 292 355 266 283 246 207 230 243 198 203 188 179 150 165 58 129 152 9 
384 351 386 415 348 291 354 263 284 247 208 229 192 215 202 189 196 199 166 59 134 151 10 41 56 
421 416 349 290 353 262 285 248 219 228 265 216 209 190 193 200 167 178 135 126 149 42 55 128 11 
350 289 254 261 286 249 220 227 264 217 210 191 214 201 168 177 136 195 148 43 60 127 12 31 40 
417 420 287 252 255 226 223 218 211 174 213 140 171 176 137 194 147 144 61 122 125 32 39 54 13 
288 253 256 419 260 115 250 221 224 117 172 175 138 119 142 169 62 121 124 145 44 53 14 33 30 
257 418 259 114 251 222 225 116 173 212 139 118 141 170 63 120 143 146 45 52 123 34 29 38 15 
112 109 106 103 100 97 94 91 88 85 82 79 76 73 70 67 64 51 48 35 26 37 16 19 22 
-1 258 113 110 107 104 101 98 95 92 89 86 83 80 77 74 71 68 65 46 49 24 21 28 17 
-1 111 108 105 102 99 96 93 90 87 84 81 78 75 72 69 66 47 50 25 36 27 18 23 20 
