12 6 25
624
0
147 58 61 10 145 398 63 12 171 308 65 14 67 176 71 16 69 76 85 18 93 78 83 20 95 
60 9 146 153 62 11 170 397 64 13 174 309 72 15 68 179 86 17 184 77 84 19 94 79 82 
57 148 59 144 399 152 503 172 401 396 307 66 175 312 177 70 75 182 87 190 185 92 81 96 21 
8 143 154 151 502 169 400 509 500 173 402 395 310 73 180 313 178 191 186 183 88 189 194 91 80 
149 56 157 168 155 508 501 504 407 546 487 306 403 394 311 74 181 298 197 188 193 200 89 22 97 
142 7 150 507 162 505 408 545 510 499 406 543 486 305 404 297 314 187 192 257 198 195 206 201 90 
55 158 163 156 167 520 511 498 541 544 547 488 405 474 393 316 299 296 255 196 247 258 199 98 23 
6 141 136 161 506 409 540 519 550 497 542 495 548 485 304 473 294 315 286 259 256 207 246 205 202 
137 54 159 164 411 166 521 512 539 552 549 560 489 494 475 392 317 300 295 254 285 248 203 24 99 
50 5 140 135 160 513 410 551 518 559 496 553 492 561 484 303 472 293 318 287 260 253 208 245 204 
53 138 51 412 165 522 517 538 557 554 585 562 605 490 493 476 391 320 301 292 251 284 249 100 25 
4 49 134 139 514 1 556 523 584 613 558 491 588 563 602 483 302 471 290 319 288 261 252 209 244 
133 52 413 2 525 516 537 612 555 586 589 606 601 604 481 470 477 390 321 264 291 250 283 26 101 
48 3 132 515 414 581 524 583 620 611 614 587 568 607 564 603 482 325 468 289 322 265 262 243 210 
131 416 127 526 453 536 621 594 617 590 625 610 615 600 569 480 469 478 389 324 263 282 225 102 27 
126 47 452 415 580 593 582 591 622 619 616 599 574 567 608 565 388 467 326 463 266 323 242 211 224 
417 130 527 128 535 454 577 618 595 598 575 624 609 570 387 466 479 462 363 368 281 226 267 28 103 
46 125 418 451 528 579 592 533 576 623 596 573 384 459 566 461 366 369 464 327 362 241 228 223 212 
419 446 129 530 425 534 455 578 597 436 441 458 571 386 383 372 465 364 367 280 227 268 213 104 29 
124 45 426 445 450 529 532 435 442 457 572 385 382 373 460 365 370 337 328 361 240 279 222 229 214 
427 420 447 424 531 432 443 456 437 434 381 440 355 358 371 336 329 360 277 334 269 236 239 30 105 
44 123 428 431 444 449 346 433 380 439 342 357 374 353 274 359 338 335 270 237 278 221 234 215 230 
421 120 423 448 347 430 379 438 345 350 375 354 341 356 339 330 273 276 333 220 235 238 231 106 31 
122 43 118 429 378 41 116 349 376 39 114 343 352 37 112 275 332 35 110 271 218 33 108 233 216 
119 422 121 42 117 348 377 40 115 344 351 38 113 340 331 36 111 272 219 34 109 232 217 32 107 
