6 9 25
3063005
1305
230 53 238 243 232 55 70 59 246 57 68 61 10 63 76 81 12 79 88 93 14 103 18 95 16 
237 240 231 54 71 244 247 56 69 60 9 64 75 82 11 78 87 92 13 174 89 94 15 102 19 
52 229 242 239 250 233 72 245 58 287 74 67 62 77 86 353 80 179 176 91 182 173 104 17 96 
241 236 251 234 257 248 281 286 73 8 65 290 85 354 83 314 177 352 183 180 175 90 101 20 105 
228 51 256 249 280 273 258 7 288 291 296 5 66 313 360 355 366 315 178 323 184 181 172 97 100 
255 252 235 272 259 282 285 292 1 6 289 312 361 84 369 364 359 356 351 316 321 170 99 106 21 
50 227 254 279 274 293 2 283 300 295 4 297 440 375 362 367 370 365 322 357 324 185 318 171 98 
253 262 271 260 277 284 301 294 3 298 437 376 311 368 439 374 363 358 371 350 317 320 169 22 107 
226 49 278 269 302 275 308 299 432 377 310 441 438 521 470 443 446 373 448 457 188 325 186 319 168 
263 270 261 276 307 304 429 378 309 436 431 524 471 442 445 522 455 468 349 372 347 340 189 108 23 
48 225 268 303 424 379 306 433 430 525 546 435 528 523 520 469 444 447 456 449 458 187 326 167 190 
267 264 417 380 305 428 423 564 547 434 533 526 545 472 529 454 519 460 467 348 341 346 339 24 109 
224 47 266 425 422 565 552 427 534 575 548 543 532 527 518 465 474 343 452 459 450 327 166 191 152 
265 416 381 418 553 426 563 578 569 550 535 576 517 544 473 530 453 466 461 342 345 338 153 110 25 
46 223 396 421 566 555 568 551 588 577 574 549 542 531 516 511 464 475 344 451 328 165 192 151 154 
395 382 415 554 419 562 589 592 579 570 587 536 573 512 541 496 515 494 335 462 337 330 155 26 111 
222 45 420 397 556 567 560 597 590 593 580 571 540 501 514 499 510 463 476 329 162 193 164 157 150 
383 394 399 414 561 596 591 594 607 598 537 586 513 572 497 502 495 334 493 336 331 156 149 112 27 
44 221 384 557 398 559 608 617 600 585 606 581 504 539 500 509 498 477 332 161 194 163 158 147 124 
385 400 393 404 413 -1 595 624 605 618 599 538 489 508 503 482 333 492 195 204 159 148 123 28 113 
220 43 412 409 558 405 620 609 616 601 584 505 582 483 480 491 478 203 160 143 140 135 146 125 122 
401 386 403 392 621 410 623 602 619 604 613 488 507 490 209 202 481 196 205 134 145 142 139 114 29 
42 219 408 411 406 391 610 615 612 487 506 583 212 199 484 479 208 131 144 141 136 117 128 121 126 
387 402 217 40 389 622 215 38 603 614 213 36 485 210 201 34 197 206 133 32 129 138 119 30 115 
218 41 388 407 216 39 390 611 214 37 486 211 200 35 198 207 132 33 130 137 118 31 116 127 120 
