11 8 25
63654724733
3.6e+006
-1 577 588 575 596 -1 568 591 554 -1 566 -1 -1 521 -1 541 474 -1 502 -1 -1 455 -1 421 -1 
587 574 -1 594 589 592 555 -1 567 -1 553 522 565 542 475 520 503 540 473 456 501 422 -1 454 403 
578 559 576 585 556 595 590 569 552 523 564 543 476 519 504 539 472 457 500 423 418 453 404 375 420 
573 586 557 560 593 570 551 524 563 544 477 518 505 538 471 458 499 424 417 452 405 376 419 402 327 
558 579 584 571 550 525 562 545 478 517 506 537 470 459 498 425 416 451 406 377 372 401 328 365 374 
583 572 549 526 561 546 479 516 507 536 469 460 497 426 415 450 407 378 371 400 329 366 373 326 283 
580 527 582 547 480 515 508 535 468 461 496 427 414 449 408 379 370 399 330 367 362 325 284 273 364 
-1 548 531 528 509 534 481 462 495 428 413 448 409 380 359 398 331 368 361 324 285 274 363 282 235 
-1 581 510 533 514 529 494 467 482 447 410 381 358 397 332 369 360 323 286 275 270 281 236 197 272 
-1 532 513 530 493 466 483 446 463 412 429 396 333 320 291 322 287 276 269 280 237 198 271 234 207 
-1 487 490 511 484 445 464 1 430 395 334 411 382 357 288 277 268 279 238 199 204 233 208 189 196 
-1 512 485 488 465 492 431 394 335 2 383 356 319 290 321 292 239 200 203 232 209 190 195 206 143 
486 489 442 491 432 439 444 387 384 355 318 3 264 293 240 289 278 267 210 201 194 205 144 191 188 
-1 -1 391 440 443 388 393 354 317 336 385 294 241 4 229 266 211 202 231 140 145 192 187 142 101 
-1 441 436 389 392 433 438 337 386 295 242 263 256 265 212 5 230 139 146 193 186 141 102 85 88 
-1 390 341 434 437 338 307 316 353 262 257 254 243 228 183 138 147 6 185 98 103 86 89 100 53 
-1 435 350 339 342 315 352 261 308 253 296 225 258 255 244 213 184 111 104 7 90 99 54 87 84 
349 340 343 314 351 306 309 252 297 224 259 180 245 214 227 182 137 148 91 112 97 8 83 52 55 
344 313 346 305 310 251 298 223 260 179 246 215 226 181 136 149 110 113 96 105 82 51 56 9 30 
-1 348 311 250 299 222 219 178 247 216 153 156 135 150 109 114 95 106 81 92 57 60 31 36 33 
312 345 300 347 304 177 248 217 220 159 134 151 154 157 116 107 80 93 58 61 50 37 34 29 10 
301 -1 303 176 249 218 221 160 133 152 155 158 117 108 79 94 115 62 49 38 59 28 11 32 35 
-1 175 164 167 170 161 132 121 124 127 118 75 78 67 70 63 48 41 44 27 24 21 18 15 12 
-1 302 173 162 165 168 171 130 119 122 125 128 73 76 65 68 71 46 25 42 39 16 13 22 19 
174 163 166 169 172 131 120 123 126 129 74 77 66 69 72 47 64 43 40 45 26 23 20 17 14 
