7 2 25
3106654
1312
4 7 180 55 282 9 178 57 284 11 176 59 270 13 146 61 80 15 82 63 72 17 86 65 70 
181 52 5 8 179 56 283 10 177 58 285 12 175 60 79 14 147 62 73 16 85 64 71 18 87 
6 3 182 457 54 281 276 343 286 293 274 269 78 271 174 145 76 81 150 83 74 109 88 69 66 
51 460 53 280 277 458 341 294 275 344 287 292 273 268 77 264 241 148 75 110 151 84 67 102 19 
2 183 456 459 474 279 454 441 342 291 296 345 288 263 272 173 144 155 240 149 108 101 112 89 68 
461 50 475 278 455 468 471 340 295 432 347 290 297 326 267 262 265 242 143 154 111 152 107 20 103 
184 1 462 495 470 473 442 453 440 339 350 327 346 289 298 243 172 239 156 237 100 141 104 113 90 
49 500 185 476 467 496 469 472 431 348 433 338 351 300 325 266 261 236 171 142 153 114 97 106 21 
186 463 498 507 494 477 492 443 452 439 430 349 328 323 330 299 244 157 238 99 170 105 140 91 96 
499 48 501 466 497 506 451 478 491 444 355 434 337 352 301 324 235 260 169 160 139 98 115 22 119 
464 187 508 505 520 493 490 529 450 479 438 429 354 329 322 331 302 245 158 233 116 161 118 95 92 
47 502 465 524 509 532 521 526 489 528 445 356 435 336 353 304 259 234 257 168 159 138 93 120 23 
188 511 504 519 522 525 530 533 578 449 480 437 428 357 362 321 332 303 246 229 232 117 162 123 94 
503 46 523 510 531 534 577 542 527 488 579 446 361 436 335 358 305 258 231 256 167 228 137 24 121 
512 189 518 535 574 543 540 611 580 607 448 481 390 427 360 363 320 333 306 247 230 223 122 163 124 
45 536 513 544 539 616 581 576 541 620 487 606 447 388 391 334 359 364 255 222 249 166 227 136 25 
190 517 538 573 582 575 612 617 610 -1 608 389 482 409 426 377 386 319 248 307 226 221 224 125 164 
537 44 545 514 613 594 615 598 619 600 603 486 605 402 387 392 383 378 365 254 219 250 165 26 135 
516 191 572 583 570 597 618 601 -1 609 -1 483 410 425 408 401 376 385 318 379 308 225 220 213 126 
43 546 515 550 595 614 593 -1 599 602 589 604 485 416 403 384 393 382 375 366 253 218 251 134 27 
192 551 556 571 584 569 596 591 588 -1 484 411 424 407 398 405 400 367 380 317 372 309 214 127 212 
547 42 549 552 557 592 585 566 419 590 587 564 417 404 415 394 381 374 371 310 215 252 217 28 133 
196 193 558 555 568 553 420 561 586 565 418 423 412 397 406 399 368 311 316 373 314 207 130 211 128 
41 548 195 198 39 560 567 200 37 422 563 202 35 414 395 204 33 370 313 206 31 216 209 132 29 
194 197 40 559 554 199 38 421 562 201 36 413 396 203 34 369 312 205 32 315 208 131 30 129 210 
