6 9 25
64827381734
3.6e+006
-1 -1 576 -1 578 573 570 -1 -1 551 -1 509 534 -1 502 -1 482 479 446 443 -1 -1 -1 365 -1 
-1 586 583 574 -1 -1 579 572 569 510 535 550 503 508 483 478 447 442 481 428 445 366 -1 348 345 
584 575 588 577 580 571 568 511 536 549 552 507 484 533 504 501 480 429 444 367 362 349 346 359 364 
587 582 585 -1 567 -1 537 548 553 512 485 532 505 500 439 430 477 448 441 350 427 360 363 344 347 
-1 589 -1 581 538 547 554 513 486 531 506 499 438 473 476 449 440 431 426 361 368 343 336 305 358 
-1 558 561 566 555 514 487 530 1 498 437 472 475 450 423 432 425 354 369 342 351 306 357 334 337 
590 565 556 559 562 539 546 515 436 471 2 451 422 433 474 373 370 341 352 307 356 335 338 267 304 
557 560 563 540 545 520 529 488 497 452 421 434 3 374 371 424 353 308 355 330 339 268 303 178 333 
564 541 544 519 528 489 496 453 516 435 470 375 398 327 4 309 372 329 340 269 302 179 332 199 266 
-1 524 527 542 521 454 517 418 469 376 399 420 415 310 299 328 5 270 301 180 331 200 265 172 177 
-1 543 522 525 518 495 490 455 400 419 416 377 326 397 414 271 300 181 6 201 264 173 176 157 198 
523 526 459 494 491 456 401 468 417 378 325 396 413 272 311 298 251 202 263 182 7 158 197 174 171 
-1 -1 492 457 460 467 410 379 402 395 412 273 312 297 252 203 262 221 250 159 196 175 8 133 156 
-1 458 461 466 493 380 403 394 411 324 313 296 253 274 261 222 249 204 195 168 183 134 155 170 9 
462 407 464 381 404 409 392 323 314 295 254 275 260 241 248 205 220 223 184 135 160 169 10 59 132 
-1 382 405 408 465 322 315 294 393 276 259 242 247 206 217 224 185 194 161 152 167 60 131 154 11 
406 463 -1 383 316 391 284 277 258 243 246 255 240 225 228 193 162 219 166 61 136 153 12 43 58 
-1 -1 317 390 321 384 293 244 285 256 239 226 229 216 207 218 165 186 137 128 151 44 57 130 13 
318 389 320 385 292 283 286 257 278 245 230 215 208 227 192 187 138 163 150 45 62 129 14 33 42 
-1 386 291 282 287 236 279 212 233 238 209 142 191 188 139 164 149 146 63 124 127 34 41 56 15 
-1 319 388 289 280 117 234 237 210 119 214 231 140 121 144 189 64 123 126 147 46 55 16 35 32 
387 290 281 116 235 288 211 118 213 232 141 120 143 190 65 122 145 148 47 54 125 36 31 40 17 
114 111 108 105 102 99 96 93 90 87 84 81 78 75 72 69 66 53 50 37 28 39 18 21 24 
-1 -1 115 112 109 106 103 100 97 94 91 88 85 82 79 76 73 70 67 48 51 26 23 30 19 
-1 113 110 107 104 101 98 95 92 89 86 83 80 77 74 71 68 49 52 27 38 29 20 25 22 
