8 9 25
2977757
1278
68 11 144 149 70 13 72 153 162 15 74 159 170 17 76 185 80 19 78 229 82 21 258 261 84 
145 62 69 12 151 154 163 14 73 160 169 16 75 186 173 18 77 228 81 20 257 264 83 22 259 
10 67 150 143 148 71 152 161 168 179 158 187 174 171 184 227 222 79 256 275 230 267 260 85 262 
63 146 61 140 155 164 167 180 157 188 175 182 191 224 221 172 233 276 231 286 265 278 263 268 23 
60 9 66 147 142 7 156 165 178 181 190 215 210 183 234 223 226 255 300 277 274 287 266 279 86 
55 64 141 8 139 166 195 6 189 176 211 192 235 220 225 240 301 232 285 288 305 280 283 24 269 
128 59 54 65 196 5 2 177 212 193 216 209 214 239 236 243 254 299 304 323 284 273 308 87 282 
53 56 129 138 3 202 205 194 1 294 213 238 219 244 249 302 241 336 289 306 309 324 281 270 25 
130 127 58 199 136 197 4 443 204 217 208 293 248 237 242 253 298 303 328 337 322 307 272 311 88 
57 52 137 134 201 444 203 206 447 442 295 218 245 292 297 250 345 290 335 314 327 310 325 26 271 
126 131 200 569 198 135 550 445 518 207 448 441 296 247 252 291 340 329 346 321 338 315 312 89 92 
51 568 133 542 551 570 519 544 549 446 517 246 449 440 341 452 251 344 339 334 313 326 91 318 27 
132 125 602 567 600 543 604 571 520 545 548 593 516 509 450 439 342 453 330 347 320 333 316 93 90 
575 50 541 552 603 572 617 598 623 592 521 546 511 586 495 508 451 438 343 430 331 98 319 28 317 
124 537 574 601 566 599 -1 605 618 547 622 591 594 515 510 479 496 429 454 99 348 427 332 97 94 
49 576 553 540 573 616 597 624 621 612 595 522 587 512 585 494 507 478 437 428 431 100 95 350 29 
538 123 536 577 608 565 606 615 596 619 590 613 582 523 514 497 480 455 432 423 436 349 426 101 96 
387 48 539 554 533 578 609 620 611 614 581 588 513 584 491 506 493 458 477 456 425 400 421 30 351 
122 535 388 385 564 607 562 579 528 589 560 583 524 505 498 481 476 465 424 433 422 435 352 401 102 
47 386 121 534 555 532 527 610 561 580 525 504 559 490 475 492 459 482 457 464 399 420 103 416 31 
120 373 368 389 384 563 556 529 526 503 558 489 474 499 486 483 466 461 412 419 434 415 402 353 104 
369 46 383 374 531 390 381 502 557 392 471 500 487 394 467 460 485 396 463 414 411 398 417 32 403 
372 119 370 367 382 375 530 391 380 501 488 393 470 473 484 395 462 413 410 397 418 407 404 105 354 
45 366 117 376 43 364 115 378 41 362 113 472 39 360 111 468 37 358 109 408 35 356 107 406 33 
118 371 44 365 116 377 42 363 114 379 40 361 112 469 38 359 110 409 36 357 108 405 34 355 106 
