12 6 25
64282937183
3.6e+006
-1 -1 581 598 579 -1 -1 -1 -1 552 -1 522 -1 550 463 -1 501 -1 461 432 -1 452 -1 -1 397 
582 597 584 -1 -1 -1 574 545 556 523 -1 551 464 521 502 549 462 433 500 453 460 431 398 451 366 
585 590 599 580 575 578 557 524 553 546 465 520 503 548 457 434 499 454 459 430 399 450 365 396 359 
596 583 592 589 594 573 576 555 544 525 504 547 466 435 498 455 458 429 400 449 364 395 358 367 350 
591 586 595 572 577 534 543 558 505 554 519 526 497 456 467 436 401 448 363 394 357 368 349 360 317 
-1 571 588 593 568 559 506 535 518 527 496 445 468 437 402 447 428 393 356 369 348 361 318 351 204 
587 564 569 560 533 542 567 528 507 472 469 438 403 446 427 392 355 370 347 362 319 352 205 316 283 
570 561 532 541 566 529 508 517 536 495 444 473 470 439 404 371 346 313 320 353 310 315 284 203 206 
563 540 565 530 509 516 537 494 443 474 471 440 405 372 391 426 321 354 311 314 285 200 207 282 139 
-1 531 562 515 538 493 510 475 422 441 406 373 390 425 322 307 312 345 286 309 208 281 140 189 202 
-1 514 539 492 511 476 421 442 407 374 389 424 323 306 277 344 287 308 209 280 199 190 201 138 141 
-1 491 512 477 420 1 408 375 388 423 324 305 340 343 288 239 210 279 198 191 186 137 142 115 188 
513 486 489 482 409 376 387 2 325 304 339 342 289 276 243 278 197 240 211 136 143 116 187 102 105 
490 481 484 487 478 419 326 303 338 3 290 275 244 341 238 241 212 195 144 185 192 103 106 117 114 
485 488 479 418 483 410 377 386 291 274 245 4 237 242 213 196 145 184 193 132 135 118 113 104 101 
480 417 414 411 378 385 292 327 302 337 236 181 214 5 146 183 194 133 130 119 112 97 100 107 56 
-1 412 379 384 415 328 301 336 293 262 273 246 147 182 159 6 129 120 111 134 131 108 57 98 27 
-1 383 416 413 380 335 294 261 272 247 148 235 180 215 128 121 160 7 82 109 96 99 28 55 58 
-1 298 381 334 295 300 329 248 263 234 179 216 149 122 161 158 127 110 95 8 83 54 59 26 29 
382 333 296 299 330 249 264 271 260 217 150 123 162 157 126 87 94 81 84 89 60 9 30 35 32 
297 268 331 250 265 270 259 218 233 172 163 178 151 124 93 80 85 88 91 62 53 36 33 10 25 
332 251 266 269 258 219 232 173 164 177 152 171 156 79 86 125 92 63 52 37 90 61 24 31 34 
267 254 257 228 231 222 225 176 167 170 155 78 67 70 73 64 51 44 47 40 23 20 17 14 11 
-1 -1 252 255 226 229 220 223 174 165 168 153 76 65 68 71 74 49 42 45 38 15 12 21 18 
253 256 227 230 221 224 175 166 169 154 77 66 69 72 75 50 43 46 39 48 41 22 19 16 13 
