7 2 25
66128386712
3.6e+006
-1 575 -1 583 572 -1 -1 565 550 -1 522 -1 -1 -1 -1 495 480 483 486 441 -1 -1 386 -1 -1 
-1 -1 573 576 -1 566 -1 -1 523 564 551 510 521 496 507 -1 487 494 479 482 485 440 401 370 385 
574 -1 582 571 578 -1 524 563 552 549 520 497 508 511 488 493 478 481 484 439 442 371 384 387 402 
-1 570 577 580 567 562 553 548 525 498 509 512 519 492 477 506 489 438 443 372 383 400 403 302 369 
-1 581 568 561 554 579 526 535 502 513 518 499 476 505 490 437 444 373 382 399 404 303 368 341 388 
569 560 555 -1 527 536 547 514 517 500 475 504 491 436 445 374 381 398 405 304 367 342 389 180 301 
556 1 558 537 546 515 528 501 534 503 378 435 446 375 380 397 406 305 366 343 390 181 300 317 340 
559 538 545 2 529 472 533 516 469 474 447 376 379 396 407 306 365 344 391 182 299 318 339 170 179 
-1 557 -1 539 532 3 470 473 448 377 434 395 408 307 364 345 392 183 298 319 338 171 178 257 316 
-1 -1 -1 544 471 530 449 4 433 468 409 308 363 346 393 184 297 320 337 172 177 258 315 162 169 
-1 543 460 531 540 457 432 467 410 5 362 347 394 309 296 321 336 173 176 259 314 163 168 143 256 
-1 464 541 458 461 466 411 450 423 348 333 6 295 322 335 310 185 260 313 174 167 144 255 164 161 
542 459 462 465 456 451 424 431 412 361 422 323 334 7 282 261 312 175 186 145 254 165 160 117 142 
463 428 455 452 425 430 413 360 421 332 349 294 283 262 311 8 187 146 253 166 159 118 141 64 67 
-1 -1 426 429 414 453 420 331 350 293 284 263 324 281 188 147 252 9 158 119 140 65 68 101 116 
427 -1 415 454 419 330 351 292 359 264 325 280 285 240 251 192 189 120 139 10 69 102 115 66 63 
416 355 418 329 352 291 358 265 326 279 286 241 250 193 190 121 148 157 70 103 114 11 62 41 100 
-1 -1 353 290 357 266 327 278 287 242 249 194 239 122 149 156 191 104 113 138 71 42 99 12 55 
354 417 356 267 328 277 288 243 248 215 238 123 150 195 154 105 112 137 72 43 98 61 56 31 40 
-1 -1 271 276 289 268 247 216 237 244 207 196 153 124 109 136 155 106 97 60 57 32 39 54 13 
-1 275 234 269 272 217 236 245 208 197 214 125 206 151 134 107 96 111 58 73 44 53 14 33 30 
-1 270 273 218 235 246 209 198 213 126 205 152 133 108 95 110 135 74 45 52 59 34 29 38 15 
274 233 222 225 228 219 212 201 204 129 132 91 94 83 86 77 80 51 48 35 26 37 16 19 22 
-1 -1 231 220 223 226 229 210 199 202 127 130 89 92 81 84 87 78 75 46 49 24 21 28 17 
232 221 224 227 230 211 200 203 128 131 90 93 82 85 88 79 76 47 50 25 36 27 18 23 20 
