11 8 25
2922940
1258
80 53 74 71 78 51 76 615 88 49 594 461 90 47 402 407 92 45 268 397 94 43 98 265 96 
73 70 79 52 75 582 87 50 595 616 89 48 607 460 91 46 401 408 93 44 267 398 95 42 99 
54 81 72 539 86 77 614 589 620 593 -1 597 462 403 600 459 406 269 400 413 396 101 266 97 264 
69 528 85 526 583 544 581 592 617 596 619 608 599 606 463 404 465 416 409 270 399 414 395 100 41 
82 55 540 533 538 525 590 613 588 621 598 -1 478 609 480 601 458 405 456 415 412 271 102 263 382 
529 68 527 84 543 584 545 580 591 618 587 622 605 602 477 464 475 466 417 410 419 394 381 40 103 
56 83 532 541 534 537 524 585 612 579 -1 489 610 479 604 481 430 457 428 455 380 411 272 383 262 
67 530 63 522 65 542 535 546 573 586 611 578 603 488 493 476 467 474 431 418 393 420 379 104 39 
62 57 66 531 536 523 2 9 554 575 490 571 492 577 484 473 482 429 454 427 432 273 384 261 276 
171 12 521 64 3 10 547 574 7 572 553 576 485 496 487 494 453 468 437 392 421 378 275 38 105 
58 61 172 11 520 557 8 1 548 555 570 491 552 501 472 483 438 451 426 433 274 385 260 277 222 
13 170 59 518 173 4 567 556 569 6 551 502 497 486 495 452 469 436 391 422 377 292 221 106 37 
60 175 168 181 566 519 558 5 562 549 560 445 500 471 498 439 450 425 434 291 386 259 278 223 220 
169 14 513 174 517 182 563 568 559 446 505 550 503 444 449 470 435 390 423 376 293 290 285 36 107 
176 167 180 353 512 565 516 369 506 561 508 443 448 499 440 389 424 375 298 387 286 279 258 219 224 
15 352 177 514 183 362 511 564 509 366 447 504 441 342 317 374 299 388 287 294 289 284 281 108 35 
166 179 184 351 354 515 368 365 370 507 442 343 330 373 340 337 318 297 300 283 280 257 218 225 132 
185 16 355 178 363 350 361 510 367 344 329 372 341 336 319 316 339 254 295 288 227 282 133 34 109 
154 165 186 349 356 359 364 345 328 371 334 331 320 313 338 247 296 301 252 215 256 217 226 131 118 
17 348 155 358 187 346 327 360 333 310 321 312 335 246 315 302 253 240 255 228 213 134 119 110 33 
156 153 164 347 326 357 192 309 322 307 332 245 314 303 248 241 236 251 214 239 216 211 130 117 120 
149 18 325 160 193 188 323 306 197 244 311 304 201 242 235 250 205 238 229 212 135 126 121 32 111 
152 157 150 163 324 161 196 191 308 305 200 243 234 249 204 237 230 207 138 127 210 129 114 123 116 
19 148 159 194 21 146 189 198 23 144 233 202 25 142 231 206 27 140 209 136 29 122 125 112 31 
158 151 20 147 162 195 22 145 190 199 24 143 232 203 26 141 208 137 28 139 128 113 30 115 124 
